4154644406965468|03|2026|355
4154644406966722|03|2026|781
4154644406968975|03|2026|636
4154644406963984|03|2026|986
4154644406968520|03|2026|453
4154644406960956|03|2026|714
4154644406961327|03|2026|218
4154644406960444|03|2026|178
4154644406962408|03|2026|760
4154644406967191|03|2026|810
4154644406963315|03|2026|504
4154644406964099|03|2026|168
4154644406969544|03|2026|141
4154644406966250|03|2026|541
4154644406965542|03|2026|529
4154644406965864|03|2026|906
4154644406967449|03|2026|623
4154644406967183|03|2026|233
4154644406962135|03|2026|131
4154644406963539|03|2026|139
4154644406967407|03|2026|412
4154644406964578|03|2026|770
4154644406961533|03|2026|470
4154644406968918|03|2026|119
4154644406961442|03|2026|366
4154644406969619|03|2026|121
4154644406967464|03|2026|923
4154644406961962|03|2026|478
4154644406960667|03|2026|178
4154644406969874|03|2026|239
4154644406967225|03|2026|803
4154644406961186|03|2026|243
4154644406965427|03|2026|671
4154644406965211|03|2026|974
4154644406962119|03|2026|128
4154644406966284|03|2026|328
4154644406967654|03|2026|958
4154644406962440|03|2026|223
4154644406964867|03|2026|571
4154644406969866|03|2026|100
4154644406961012|03|2026|759
4154644406963687|03|2026|114
4154644406960600|03|2026|774
4154644406962523|03|2026|489
4154644406963562|03|2026|767
4154644406966748|03|2026|299
4154644406968959|03|2026|807
4154644406965526|03|2026|657
4154644406962762|03|2026|894
4154644406960659|03|2026|199
4154644406964214|03|2026|713
4154644406962598|03|2026|777
4154644406967001|03|2026|233
4154644406960238|03|2026|691
4154644406968371|03|2026|506
4154644406967522|03|2026|450
4154644406967449|03|2026|598
4154644406962846|03|2026|535
4154644406963786|03|2026|829
4154644406962465|03|2026|121
4154644406963877|03|2026|517
4154644406969361|03|2026|319
4154644406965989|03|2026|571
4154644406961723|03|2026|839
4154644406969049|03|2026|732
4154644406969320|03|2026|164
4154644406960147|03|2026|353
4154644406961947|03|2026|461
4154644406967639|03|2026|209
4154644406969767|03|2026|522
4154644406962648|03|2026|809
4154644406964974|03|2026|945
4154644406966557|03|2026|395
4154644406962069|03|2026|210
4154644406964826|03|2026|603
4154644406960378|03|2026|160
4154644406969346|03|2026|134
4154644406960683|03|2026|794
4154644406965625|03|2026|863
4154644406968827|03|2026|298
4154644406968595|03|2026|478
4154644406962259|03|2026|919
4154644406961905|03|2026|956
4154644406960741|03|2026|467
4154644406965906|03|2026|663
4154644406969783|03|2026|753
4154644406961004|03|2026|133
4154644406965294|03|2026|667
4154644406969528|03|2026|679
4154644406962523|03|2026|559
4154644406967787|03|2026|314
4154644406966664|03|2026|409
4154644406961855|03|2026|454
4154644406969775|03|2026|392
4154644406961293|03|2026|973
4154644406962838|03|2026|733
4154644406962531|03|2026|588
4154644406964644|03|2026|768
4154644406964271|03|2026|615
4154644406963711|03|2026|901

